4 9
63 82
-50 -25
36 137
26 143
65 -73 140 130 84 -11 66 46 -53
6 9
-33 -32
89 100
-23 98
56 82
-26 11
-91 -19
-1 -2 25 117 -51 -97 94 -24 -2
3 5
-48 96
-12 114
-49 117
-50 89 23 57 83
3 9
-93 -33
-52 129
-28 49
131 24 109 147 -60 96 -19 20 -39
11 5
92 150
-44 97
46 64
8 27
42 81
12 45
-93 -4
35 105
66 141
-64 68
68 139
-25 137 -27 25 58
12 8
65 149
97 146
5 54
-25 7
78 87
-94 -48
48 123
-36 53
-76 51
-15 147
-24 134
37 90
145 149 143 59 -63 120 102 -82
7 8
17 58
-36 15
36 126
83 126
-23 95
98 100
-15 96
93 -82 117 96 -70 -64 110 -83
3 6
-91 81
-69 2
-50 -49
-30 63 93 -83 65 0
6 10
82 83
66 67
37 97
35 99
77 117
-41 18
135 101 54 -84 130 78 -23 12 57 78
14 8
82 128
99 135
91 141
-9 137
70 111
-14 93
-62 47
77 130
24 95
-67 -43
26 132
-99 4
-80 -18
-55 58
89 140 -35 27 -38 -48 29 -7
