10 14
-14 101
9 131
-45 144
12 114
-44 44
-17 3
-70 101
-42 49
68 113
5 19
26 37 79 50 -82 40 79 -50 55 126 30 -12 148 86
5 9
-15 125
93 125
30 137
-64 -14
-15 56
58 77 -98 3 -47 115 -10 66 20
5 6
-7 -4
-48 -16
-84 97
-2 123
74 113
81 5 -18 -5 13 43
6 10
-3 94
36 141
27 144
69 74
39 129
-47 108
61 39 -88 -93 48 -31 -24 -18 -33 115
12 10
9 116
75 115
-75 52
97 122
-44 94
-15 -11
33 117
-13 81
-9 98
28 121
7 148
-81 65
-63 61 46 142 114 145 30 -90 101 -75
7 13
-94 1
8 88
1 114
-70 121
-94 -4
81 82
-31 108
47 14 51 5 101 -58 137 59 50 -69 32 83 38
13 6
-60 -56
-81 26
-65 114
19 24
33 102
62 94
-19 147
-31 -6
63 78
26 101
-73 67
85 129
53 112
-79 -42 -20 -89 58 -52
3 11
7 148
-18 0
-27 96
100 -84 87 11 6 138 64 22 -68 103 110
11 5
-13 105
85 137
-77 133
-85 84
73 96
24 55
-95 -52
-100 42
75 95
37 117
93 137
-61 -32 -1 66 7
10 6
50 66
100 143
49 97
-89 57
-39 -38
-62 -34
94 113
52 130
75 83
59 104
119 114 73 -56 -58 133
