6 14
-7 32
84 134
76 101
92 130
-62 143
53 96
74 119 86 135 62 117 -4 94 82 95 11 -25 102 -15
5 10
-46 129
-22 114
-65 23
6 61
-81 18
86 -11 51 52 14 36 96 -50 47 87
10 4
18 124
57 116
-93 110
-43 117
48 142
-9 89
-35 89
-3 87
61 90
28 58
1 39 93 2
8 11
26 106
33 62
68 79
64 73
-74 85
40 66
-75 59
56 110
5 90 9 -9 -14 93 91 141 79 -54 137
7 5
37 114
4 9
-100 24
14 139
-73 96
-34 140
-45 24
-58 -41 -80 67 -3
7 13
73 99
46 104
71 119
24 86
49 67
50 72
95 145
-67 -69 128 -74 -48 8 40 -92 88 -51 18 -72 -97
5 15
-44 29
-7 130
69 132
-49 88
-79 97
135 49 104 16 120 21 -89 -3 49 -85 -26 143 -18 101 8
7 7
-20 38
-90 29
98 99
-74 -26
-80 134
-85 -49
-69 101
11 -13 -66 98 -80 -77 -89
9 6
-88 44
-34 143
92 96
-71 128
-38 -33
-56 67
2 42
-92 19
-36 -10
122 -14 83 16 -51 -83
9 3
-82 76
-36 115
53 134
-76 111
-28 20
38 82
65 81
48 70
-36 39
41 -19 116
